1390119889642393600
1390119887519981569
1390117631550640128
1390119840921362434
1390119880070860801
1390119875461451789
1390118080874000388
1390116838982443015
1390118321010487306
1390117698730926080
1390119692619198467
1390119533411713026
1390117472460840960
1390119321830150145
1390118685101146112
1390119874215743491
1390117238808657920
1390116550787674116
1390119872206618624
1390119868616351746
1390119865739055109
1390119861007814656
1390119855634984965
1390118486937153538
1390119854112399362
1390117926481678336
1390117833045155842
1390119679641985027
1390119848743739398
1390117852439535617
1390119845233004551
1390119454042955779
1390117949118328834
1390118401440374785
1390118351381409798
1390117854704439306
1390118238261026816
1390119837112885250
1390119835753926659
1390119834835374082
1390119834046840833
1390119831828111362
1390119832637644805
1390119830708264963
1390119831991635969
1390119446069628928
1390118350139895813
1390117070583513090
1390119828581535745
1390119827805716480
1390119624096862209
1390119820599910400
1390119819324928005
1390119532539392006
1390119815667458052
1390116752286265344
1390119813662531587
1390119812219777027
1390119807622713354
1390119546237894658
1390119802635706377
1390119679612555270
1390117291283697672
1390119802241527809
1390117294144098306
1390119798735085574
1390119175855693827
1390116860402835456
1390119794654031873
1390119790623272963
1390119025221513219
1390118237900312578
1390119786890383364
1390118631678222341
1390119780351414273
1390119778040287233
1390116806174588929
1390117857229516800
1390119634083454978
1390119774831710208
1390119732544692228
1390119771946070020
1390119768724840449
1390119764006252548
1390119763976892420
1390119761242116101
1390119760625610755
1390119760227147780
1390119756645142534
1390119755558924288
1390119754325757961
1390119750659936257
1390119748793520129
1390118533984669699
1390117828993355776
1390119745568055297
1390119722075754496
1390119711942270976
1390119588743032839
1390119615712436224
1390119708922417153
1390119708490338307
1390119707286589444
1390119705927688196
1390119701813071873
1390119701498535938
1390119696423346180
1390119695139880960
1390119690886950924
1390119687464398851
1390116547524505602
1390119687380422656
1390116949015863298
1390119686776532998
1390119683265806339
1390117618762358786
1390117704309346308
1390119673501569026
1390119672658419715
1390119668447330304
1390119456127471623
1390119664139780102
1390119642803412994
1390119001540399104
1390119642539118594
1390118747768246275
1390119538147090432
1390118973241495558
1390119629641637892
1390119627221516291
1390119626776928257
1390119622926639110
1390119621949366272
1390119612952596482
1390119614105931777
1390119609060241410
1390117944605257730
1390119600960987136
1390119597945278465
1390119595290374151
1390118764570718208
1390118966824214528
1390118676200923147
1390118368506748929
1390119586385862659
1390119037267480577
1390119585546964994
1390119105789939716
1390119581050626052
1390119579809112066
1390119342357024769
1390118209454497794
1390117066280259589
1390119578261327873
1390116809291059203
1390117777911042048
1390118541467205634
1390117726123921411
1390119577410056199
1390119495071567872
1390119576566910980
1390119572750192640
1390117495416238083
1390119565917659136
1390119543519993858
1390118469283221504
1390116715837669383
1390117245330894850
1390118919822786563
1390118183919620099
1390119541422821376
1390119540940488706
1390119539619287042
1390119538381971460
1390119536767164422
1390119464398729216
1390119527506194433
1390118982229823490
1390119526709202944
1390119520027746304
1390119509508427776
1390119507545542656
1390119289278156800
1390119504546566146
1390119499836411909
1390119376108535808
1390119481758953479
1390119479611379712
1390118863048744962
1390118656080814081
1390119477921124355
1390119473974231046
1390119473827381252
1390119471629717504
1390119471399022593
1390119464725893120
1390119101566267392
1390117406291398656
1390119459902398469
1390119459323514884
1390119452151267329
1390119447411691525
1390119446178582533
1390119445692043267
1390116640944234509
1390119445549420545
1390118522429259783
1390119089067155456
1390119444752502786
1390119434174484487
1390119052790616068
1390119426532458498
1390119414058655748
1390119413261668357
1390119403417636868
1390119402230669314
1390119397541429250
1390119389224124423
1390119377744322561
1390118607980531713
1390119374233686016
1390119373717835776
1390119371813658628
1390119112253263874
1390119313525415936
1390119368831508486
1390119364347715585
1390119363504746498
1390119361504022530
1390119361298448386
1390119350280019968
1390119345246904326
1390117636831334402
1390117126195793924
1390119334366826496
1390119330139021313
1390119327601410054
1390119318470414343
1390119316826230787
1390119312636227587
1390119303391940608
1390116785152659458
1390117010022047745
1390119300720103424
1390119286581219329
1390117892906233859
1390119284031033345
1390117312964046857
1390118474719145986
1390119283645112325
1390118196326322179
1390118625693024256
1390119277810917378
1390119010986074112
1390119271242534913
1390119271041282052
1390119268231139328
1390119112333045761
1390119268113534977
1390117575565221888
1390119266096197637
1390119259548889094
1390119198957965313
1390118969600876549
1390119254209466370
1390119244000542724
1390118539365863425
1390117745686155264
1390119234215231496
1390118758195286017
1390118013995732994
1390118477554405380
1390119233955188739
1390117724915896323
1390117669240705026
1390119233846235141
1390119232675979268
1390119221271699460
1390119216288784390
1390119208692891649
1390119208185368577
1390119208051253255
1390119199205429249
1390116768421646336
1390116898847830016
1390117293171032071
1390118994028417026
1390117211826802688
1390119198660218880
1390119197116616704
1390119196508426240
1390118845613068290
1390119196495917058
1390119195292098564
1390116642789732357
1390118750825979904
1390119186219810816
1390119181618647042
1390116426891939842
1390119181174120455
1390119171166511104
1390119168029114370
1390119156125773824
1390118569871093762
1390118251561111555
1390119154557067264
1390118736141619203
1390116451030376449
1390117898144911365
1390119146801618950
1390119144444530691
1390119138576699393
1390119132645965824
1390116617103761408
1390119131811401728
1390118863111704577
1390119124844568577
1390119122193764355
1390119119702331396
1390119117508825092
1390119117164843012
1390116823706779649
1390118750800732162
1390119114006478851
1390119113830412289
1390119107899576324
1390118894262652928
1390119100349747201
1390119098089103367
1390118429156429824
1390119098068111363
1390117417079148549
1390119090551988227
1390119088249245704
1390119084843483139
1390119084763881472
1390119080556957696
1390116855050907652
1390119064509554695
1390119031823376388
1390118398797942784
1390117922828439553
1390119061749633024
1390119052820074499
1390119052744478724
1390119051825930242
1390119045018628100
1390119033069088769
1390118998335971338
1390118337611456516
1390118528376836100
1390119022881132544
1390119020221943815
1390119012307283973
1390117913701539842
1390119008935063554
1390119000621948928
1390116918200344579
1390117588886228992
1390118994561093633
1390118991016960002
1390118988655599616
1390118985895759874
1390116520009814017
1390118015602200581
1390118985639862272
1390118975913201666
1390118971781926921
1390118968258711553
1390118817561468929
1390118384273133569
1390116939499032577
1390118963103813635
1390118960595615744
1390117418027175938
1390118958813024256
1390118956376150019
1390118935505289216
1390118933710135296
1390118927791951883
1390118926340788224
1390116931366174720
1390118712649392133
1390118809592385536
1390118925984280576
1390116854010683393
1390118141410385921
1390118416233734146
1390118920917499907
1390118910217887750
1390118909823565824
1390117352965029897
1390118313611649031
1390118909207105538
1390116584098775040
1390118902240366595
1390118896053673986
1390118324202311682
1390118895923744771
1390118271966449664
1390118892916387841
1390116760280576007
1390118892836638723
1390116432252481545
1390117471546482692
1390117528685486082
1390118881130319873
1390118759118090242
1390118879175839750
1390118873039577090
1390118871328120834
1390118870141243395
1390118809890086912
1390118831285231622
1390118821298638851
1390118861022826497
1390118842412650498
1390118852684615683
1390118845742993408
1390118845159985152
1390117193225019394
1390118839212457991
1390118837933252608
1390118834997272577
1390118828529569792
1390118828349214723
1390118823345508354
1390118612162252803
1390118815439196161
1390118814814244864
1390116927582916611
1390117647757500416
1390118802210398209
1390118798309707783
1390118795415535625
1390118791921668097
1390118780655874050
1390118775798865931
1390118774729330688
1390118773219340292
1390118040453406723
1390118772258877440
1390118760359600138
1390118752491089924
1390118748145733640
1390118747663474691
1390118717753892866
1390118747466305536
1390118745675284485
1390116748402348035
1390118736259059714
1390117742888595456
1390118735340613635
1390118709868613636
1390118700192354305
1390118091326099457
1390118690184732675
1390118689035456512
1390118684967022593
1390118683113107458
1390118679531118595
1390118676024672261
1390118659461459971
1390118658630946823
1390118658500857856
1390118656558964739
1390118655065837574
1390118654315044865
1390117841387589633
1390118654147186693
1390118485586550784
1390118637843976195
1390118631950925835
1390117162984120321
1390118074230185990
1390117604627558404
1390118630260711425
1390116967365890056
1390118560748515333
1390118626905272328
1390118609712820228
1390118601437417476
1390118589039001602
1390116763917037568
1390118585993863170
1390118572010180608
1390118564909264896
1390118563210465282
1390118190257221642
1390118562883268608
1390117316264927237
1390118562866532353
1390118550724128774
1390118549151170561
1390118540355805184
1390118539676246016
1390118538522906625
1390118536853565440
1390118521733107714
1390118301980925952
1390117084621910017
1390118514271399936
1390118510764908547
1390118510135857153
1390118503898832898
1390118502065967107
1390118490384834560
1390118483019579394
1390116915239178248
1390117373282328578
1390118478313664525
1390118470126292995
1390118419371069444
1390118469358784514
1390118469295906817
1390118466087161856
1390118453730811905
1390118453663571968
1390118210075340801
1390118452728418309
1390118452308938763
1390118442796294153
1390118432050450433
1390117849679732737
1390118426014797838
1390118423699546113
1390118411850690565
1390118408440713217
1390118407673110531
1390118002662772737
1390118065485013005
1390118144195403778
1390118398118486018
1390118396398813184
1390118394423390208
1390118387829911559
1390118384067661826
1390118380003278848
1390118012838191105
1390118377797062661
1390118377402814468
1390116375365099529
1390118367562960905
1390117045933682688
1390118361502203905
1390118355567357953
1390118349259120643
1390118345945624577
1390118342925684752
1390118339457044481
1390118335468167170
1390118334155431942
1390118324923781121
1390118322889428993
1390118321794732039
1390116996847710209
1390118319961804800
1390118118043885569
1390118317940166659
1390118306976309248
1390116989218091010
1390118305910779904
1390118300059852800
1390118296805068800
1390118283924410369
1390118283068776452
1390118281340760065
1390117251953610755
1390118278891200513
1390118277691711488
1390118277284831237
1390117209826070529
1390117336875741188
1390118272620761092
1390118270884274183
1390118270859161601
1390117733350715396
1390116733030121480
1390118142551199746
1390117581529526272
1390118265507168259
1390118134279987206
1390117953660768261
1390118246075060227
1390118240727220226
1390118234184167425
1390118224738533381
1390118218942099458
1390118216828084225
1390117969506836480
1390117061813276673
1390118169596108803
1390118214781308932
1390118213942456320
1390117814724435969
1390118031800602626
1390118205872558080
1390118205486686210
1390118197953798144
1390117432774307843
1390118190374653954
1390117381826035714
1390117215744233475
1390117879299850242
1390116963507220480
1390118172200742917
1390118166748143620
1390118163195613184
1390118161958199296
1390118151535439874
1390118142806925312
1390118139183120386
1390118138868604928
1390118136725262338
1390118132795252737
1390118132644200448
1390118128680591363
1390118115829239811
1390118105435807746
1390118101228789761
1390118100431822850
1390118094920634373
1390118041510363139
1390117960379928578
1390118090223071236
1390117837662994432
1390118086154539009
1390118084741156865
1390118077598257154
1390118066911170568
1390118065682137095
1390118062750326788
1390116797505052676
1390118059025866754
1390118039480414211
1390116543896424454
1390118035214807040
1390118031804805121
1390118022170374145
1390117884588969985
1390118017695207431
1390117323441381377
1390118013958074370
1390117684004671495
1390118007783952385
1390118005397405696
1390118004118130691
1390118002826399744
1390117990776115202
1390117452487479301
1390117987588395013
1390117987244462087
1390117982622257159
1390117628539248640
1390117982051999752
1390117981104058368
1390117389350621198
1390117980089065472
1390116877263847425
1390117967791284226
1390116700490805250
1390117165441994753
1390117967740997636
1390117966470074370
1390117965434179584
1390117957817311234
1390117948572962826
1390117940545077251
1390117939563614218
1390117935658807297
1390117076061368323
1390117859343446025
1390117781102809088
1390117730360115204
1390116923506053120
1390117120218963968
1390117933028884491
1390117178293329921
1390117577855279106
1390117923411439617
1390117916457177088
1390116337847050241
1390117915568054272
1390117615495008260
1390117911189151744
1390117906923524096
1390117906432905218
1390117526890295302
1390117900288147459
1390117807849934854
1390117898086199306
1390117895854829571
1390117439317417986
1390117895502503936
1390117886706995205
1390117335009222656
1390117885238988804
1390117883158671364
1390117882135302147
1390116892866752513
1390117881816420353
1390117880944111618
1390117877337006083
1390117863462219778
1390117862208118788
1390116750939803651
1390117854679285768
1390117850426322946
1390117842327068676
1390117834873884673
1390117825281413127
1390117823574384641
1390117823414931459
1390117820311252996
1390117819568754691
1390117809355726855
1390117679957266440
1390117756155174914
1390117721627631623
1390117808378466307
1390117806046420995
1390117799859789824
1390117171590742016
1390117796898643971
1390117795950694400
1390117794302283784
1390117777462153216
1390117776132612096
1390117774404505600
1390117769585303554
1390117767614017537
1390117767475613702
1390117641042399235
1390117767127478274
1390117760374554633
1390117447181774848
1390117754016051201
1390117745371582466
1390117079244812288
1390116839989071872
1390117743307931650
1390117724999847937
1390117707891322888
1390117698516959234
1390117694138105866
1390117688052224004
1390117680334659587
1390117680074694660
1390117679520960512
1390117332157177858
1390117673686630401
1390117665591734275
1390117665423958016
1390117664228626434
1390117662458515457
1390117655982530568
1390117590782156802
1390117652484481024
1390117651746369537
1390117606896455684
1390117647698771968
1390117641315028998
1390117639599628288
1390117616891617282
1390117614404440072
1390117613922095106
1390117612642832403
1390117472163045381
1390117609870438400
1390117609522204683
1390117608238850048
1390116611181457409
1390117606481350657
1390117604933750786
1390117604459794434
1390117599229485058
1390117573270908928
1390117572746649605
1390117572079767555
1390117568803917824
1390117567235338242
1390117566996271104
1390117564399898625
1390117561438810125
1390117551246561284
1390117550042791938
1390117205648580608
1390117545823322115
1390117356328964102
1390117541440274434
1390116618693382144
1390117536709152769
1390117533265575938
1390117164368244740
1390117532170964995
1390117531726274560
1390117522482024451
1390117490693492747
1390117513741152258
1390117512440856578
1390117509597171718
1390117505574842379
1390116744455499780
1390116351130406913
1390117496917737474
1390117490534064134
1390116339394785285
1390117490123059200
1390116905625792512
1390117375329148937
1390117107396980739
1390117486318735360
1390117478643163136
1390116958822178821
1390117476403449857
1390117455553499138
1390117454433722370
1390117447580233729
1390117446418378752
1390117442169540610
1390117438772203521
1390117434926018560
1390117431809617922
1390117430610087946
1390117416026492929
1390117412771704843
1390117405641293825
1390116690382540802
1390117399442214917
1390117395440840709
1390117383776477185
1390117377266884614
1390116552368869378
1390117362943340545
1390117361869541378
1390117361705967618
1390116669322895360
1390117047774892032
1390117359113887747
1390117358681927681
1390117354328186883
1390117334472445954
1390117330034860036
1390117329757933569
1390117324825497601
1390117324687122434
1390117323923730435
1390116838957277195
1390117314813698051
1390117314234929157
1390117306345394178
1390117305607233537
1390117305603051520
1390117303803686916
1390117296040030214
1390117292768481283
1390117292068032518
1390117290721562627
1390117288490196995
1390117284740571140
1390117283985510403
1390117196421009408
1390117282001551364
1390117270815395845
1390117263513112578
1390117259331395585
1390117257934774276
1390117250212978688
1390117246580797448
1390117246173917189
1390117238154350595
1390117225093386240
1390117216474046464
1390117215060496389
1390117195603185665
1390117198228766722
1390117197926866946
1390117188502278148
1390117184614064133
1390117183313924100
1390117176204578827
1390116411159240705
1390117174220673029
1390117169464233984
1390117169145450500
1390117150468214785
1390117144185249792
1390117140498317312
1390117137088401411
1390117130117521409
1390117122450264066
1390117118042050571
1390117116012027905
1390116765892587520
1390117099398443016
1390117094075813892
1390117088497393666
1390117088245714947
1390117085905293312
1390117075012755461
1390117065474940935
1390117065047121924
1390117064787046405
1390117063985963008
1390116934440660996
1390117062480175106
1390117042024423427
1390117033996603393
1390116342540513281
1390117022596489216
1390117015919206400
1390116599961632768
1390116443635822592
1390117011754307584
1390116670723825665
1390117010726588418
1390117002371637254
1390116999112634369
1390116993496494085
1390116993194414080
1390116988094230534
1390116987469287424
1390116987460890630
1390116986265513989
1390116983031599105
1390116982444503045
1390116864668352513
1390116582068731908
1390116977495183364
1390116975024738304
1390116919630499845
1390116973326082051
1390116961762304001
1390116944934842372
1390116933731856384
1390116931164950530
1390116923774488577
1390116923728351234
1390116923292233732
1390116923166371842
1390116480231124992
1390116813317488640
1390116918946897929
1390116915935330305
1390116914807070722
1390116911569162242
1390116793272971268
1390116909664935937
1390116903285362688
1390116902492688385
1390116901959909378
1390116899061739521
1390116898705117196
1390116893688799232
1390116890853486593
1390116886004867083
1390116635965591552
1390116884813684738
1390116881546219523
1390116873556140033
1390116872247447556
1390116864492199950
1390116857768730626
1390116857588424705
1390116856984481794
1390116847417180162
1390116847144558592
1390116840794361860
1390116826353438729
1390116821647433729
1390116816781971456
1390116520378970114
1390116813724336133
1390116810859683842
1390116809320304645
1390116803762851841
1390116487982157825
1390116623609118720
1390116787275063296
1390116785010221057
1390116780002189316
1390116779985354759
1390116779775733766
1390116778546712578
1390116778253168653
1390116766601424896
1390116761169801218
1390116760003792901
1390116752944734213
1390116741343232000
1390116718819880961
1390116714780708868
1390116714755596289
1390116354154504193
1390116714659131395
1390116376166256641
1390116713128153091
1390116709038792707
1390116708434710528
1390116697437261825
1390116695562285057
1390116683394822145
1390116676214173698
1390116675853373440
1390116659269152777
1390116466498936832
1390116635600621569
1390116620832370688
1390116623629963265
1390116625316139011
1390116624888442880
1390116619825856513
1390116617938513926
1390116614360678403
1390116613752504320
1390116604437012481
1390116604210524164
1390116603732373507
1390116599810637825
1390116582693736449
1390116578604294144
1390116572908371970
1390116569330724867
1390116565971083265
1390116559356665862
1390116558081597440
1390116544714248193
1390116544693297152
1390116544592633861
1390116531263221765
1390116531133198341
1390116526263521282
1390116523054874627
1390116519867211782
1390116510463631367
1390116509268299776
1390116508127408134
1390116507720499209
1390116506177089538
1390116500665737227
1390116497029275652
1390116494625935369
1390116489852772353
1390116484249231363
1390116477928452101
1390116472211578882
1390116470902988802
1390116463739027456
1390116459322433539
1390116459083354120
1390116454524149762
1390116440791990272
1390116430037856257
1390116429035417601
1390116428523704323
1390116421317758976
1390116420936257551
1390116417685630979
1390116409749954562
1390116405975175170
1390116401202012161
1390116396495998980
1390116391529992193
1390116390653370369
1390116380142448643
1390116376732442625
1390116375226724353
1390116366498283521
1390116362555641860
1390116346793545729
1390116337964355585
1390116335590465540
1390116331744374787
1390116324932820992
1390112685019303944
1390115038107738113
1390115449745117184
1390115837516959744
1390116321703219203
1390115794416197632
1390116259728142340
1390116318452584449
1390116317617958918
1390116315067822088
1390116313859756034
1390114960139866114
1390113270665711618
1390116022817013760
1390113095457071108
1390116310202396674
1390116308327571456
1390115254592581636
1390116300865904643
1390114951935807490
1390116295610413063
1390115689122435073
1390116291571224577
1390113354216259585
1390114759249387522
1390115625180311553
1390115977359134728
1390116288035442692
1390113436743479300
1390114454977798148
1390116286219362304
1390114856817287176
1390116281504894983
1390116280305336327
1390114930670637056
1390116275779670020
1390113697767596035
1390116269660192768
1390116268074835970
1390116264144683014
1390116262894780420
1390116002290089991
1390116255919742976
1390116250517393408
1390114962891235330
1390116246302208009
1390115851660111873
1390116244926369792
1390116238085529600
1390116232389595138
1390116230842003459
1390116229801816075
1390116228442861574
1390116224030461952
1390114159598219268
1390115688505823232
1390113617878659077
1390114716010352647
1390116223648735232
1390116219173449730
1390116209585184768
1390113355923435521
1390113021037588481
1390114522048966657
1390112979266441223
1390115484096516099
1390114301776736256
1390113720534282249
1390116130858151937
1390115547011067912
1390113946812702720
1390116205353123840
1390115274108674048
1390114191512592384
1390116050667286533
1390116201221734402
1390112681324056582
1390116183970656258
1390116182334840835
1390116178002157569
1390116176500596739
1390116175410077698
1390114072683810820
1390113125589032960
1390116098167558144
1390113186314063873
1390115544389591041
1390116166044168193
1390114135979986948
1390114617586765828
1390116165909897216
1390115474390851584
1390115030381776897
1390116165498851334
1390116158196617221
1390116158121074688
1390116156531412994
1390115940851933186
1390115780575088640
1390115340777107456
1390116141750788099
1390115456837726210
1390116136704938001
1390115210430664704
1390114189151199240
1390116134976991232
1390114352154435586
1390116134754689026
1390116128609996800
1390115912594989061
1390116125292236800
1390116124868612104
1390114635047702532
1390113220002779141
1390115705274654721
1390116124013047809
1390115185214599177
1390115350444969987
1390113902546067456
1390116117998448647
1390114733546745870
1390115082730881027
1390115998955675648
1390116100944314369
1390116100118036489
1390116097756651521
1390116095625891840
1390114361407156228
1390116088453664771
1390116085849067521
1390115843934203905
1390116084301320194
1390115425632104452
1390116079087783940
1390115090108715009
1390112702677274634
1390115348393959430
1390116076722262024
1390116071030628355
1390115474336321536
1390115892047106049
1390115195117309957
1390115619870318593
1390116069793312768
1390114157974990848
1390115829027647494
1390116067209535502
1390116067159285763
1390116058405670916
1390116057763962882
1390115661490397188
1390116057139007488
1390116055025078274
1390114674688069638
1390116051745181702
1390116046300868608
1390116041355894785
1390116040072388622
1390116037425774594
1390116026902323204
1390113447539531779
1390116024431878144
1390115002909069314
1390116023794286593
1390115720344842243
1390114479833239556
1390113055359524866
1390112782889234433
1390113981176680456
1390114676936265734
1390113270724501506
1390116022095650817
1390113501079871488
1390116021147783168
1390115746840207365
1390116020468207619
1390116020074033156
1390115196413386758
1390113076184240131
1390112796814233601
1390115230752051200
1390116018245275652
1390115383508709378
1390115285806551043
1390115505235808256
1390112918713376768
1390115918672433152
1390115432019988488
1390116013342085120
1390116010309656578
1390113615777251329
1390113417764249601
1390116009445629958
1390116008673779713
1390116001413570561
1390115996183240705
1390115996065746944
1390115944492580865
1390115993788235779
1390115992077021185
1390115991812820994
1390115985605210116
1390115177895448579
1390112672939745289
1390114263524577284
1390113183222927360
1390115984648937473
1390113129552568322
1390115981788319747
1390115978747420678
1390114788374585345
1390115976415518725
1390115976172158981
1390115222728417284
1390115056961064961
1390115975572373506
1390115968664301569
1390114842330247169
1390115029098319875
1390114473957117953
1390115967552921605
1390113416786976768
1390115966823157760
1390115406870941703
1390115965032091655
1390114643566338049
1390115964818182145
1390115964583301121
1390115960254828547
1390115949525733379
1390115948489854979
1390115942559109124
1390115938603778055
1390115931922239488
1390115695183159296
1390115929284038658
1390115539452837889
1390115208144867328
1390115928755556360
1390115920597630979
1390115441197174788
1390115758848491521
1390115906341253126
1390115525376757761
1390115899110301697
1390115897982001160
1390113046316605441
1390115366614048768
1390114685282918404
1390114596640411648
1390115212418854914
1390115703341129729
1390115062564655105
1390114769160519682
1390115893255020545
1390115794932142083
1390115891443085329
1390115661444231169
1390115610118565892
1390115175001374722
1390115303271567362
1390115885940191234
1390114705478410245
1390114686247505922
1390115878054866951
1390115877798834183
1390115345755631616
1390115872757501966
1390115870706442243
1390115864846950402
1390115859566415874
1390115853488861185
1390113365234700288
1390113987195453440
1390115838779400194
1390115834694193152
1390114314296741889
1390115833482031106
1390115832429166592
1390115639856074756
1390115832420777984
1390115821939306496
1390115766725451776
1390114088244629506
1390115810006519811
1390115809717014530
1390115805011009537
1390115804679745538
1390115464790040578
1390115795246665729
1390115793279590401
1390114283527229446
1390115114725036039
1390114903927689218
1390114570912641024
1390115790964264974
1390113124561399809
1390113864268881920
1390115789013934088
1390113238029901826
1390115088363925505
1390113901740806144
1390115514404507658
1390114127025164290
1390112977819418628
1390115782999396352
1390115779518083075
1390115778217889798
1390115778029105153
1390115776200384514
1390115771649601536
1390115744810209281
1390115080583385089
1390115767929262080
1390115766465441807
1390115765085409285
1390113595602710528
1390113735679922179
1390115760899567618
1390115760169791490
1390115754511671300
1390115751143645185
1390115659984646146
1390115748132134912
1390115242756169728
1390115747817476096
1390115554682355712
1390115747083558916
1390115746290802689
1390115071204995078
1390115742364966912
1390114161212985344
1390112894659055620
1390115484226498570
1390115741043724291
1390115543609487362
1390115047305797632
1390113694831595527
1390115732441157634
1390115730436329477
1390115728238469135
1390115728213352459
1390114367342104578
1390115727290552320
1390113224255852553
1390113770194837508
1390114006547976192
1390113654687862786
1390115554783121410
1390115716330831880
1390114516885807105
1390114944792809472
1390114159912697858
1390115711503196163
1390115353745842177
1390113557803581444
1390115710001631235
1390114026177368067
1390115709447983104
1390115705270546433
1390115704582688770
1390115702355410948
1390115701768298496
1390113442212761601
1390114058741944321
1390115700149215233
1390115688564543488
1390115687667019784
1390115675335712769
1390115425271402497
1390114973918146566
1390114929802366977
1390115673351856128
1390115335802589186
1390115587590926336
1390115671359606787
1390115670793326604
1390115668473913345
1390115666842226692
1390115665080692737
1390115663264505858
1390115478736097281
1390115108358066179
1390114889197359106
1390114301881503745
1390115658575265796
1390114485898293250
1390114091574910986
1390115654183923712
1390115653693190151
1390114228778975242
1390115647858806784
1390113720119005186
1390115637700222981
1390115632860045312
1390115630670614529
1390115626191101953
1390115625926905864
1390115620809842697
1390115620772098052
1390115620700758018
1390115618385502218
1390115081384566793
1390114823468367877
1390115615571054592
1390115614501507073
1390115473845624836
1390115613121593349
1390114828589674503
1390115273718513666
1390115007988387843
1390114729750827008
1390115612135985158
1390115603046875137
1390115600614187009
1390115590279516160
1390115575888764928
1390115573955239947
1390115248703688710
1390115062342422529
1390114011128205312
1390115571577106441
1390115571543465988
1390115228407537664
1390115554409828359
1390115551570186242
1390115496905818119
1390115549070430213
1390115547442995203
1390114693495332866
1390115545631150081
1390115536651042817
1390115298288803846
1390115163110531076
1390113839300104193
1390115533677375489
1390115530326040580
1390115528199581700
1390114272517181441
1390114269988106246
1390115532305731601
1390113010086252549
1390113015169703940
1390113012997050369
1390115530602946560
1390114269937782790
1390115528300273664
1390115518556823553
1390115517080424449
1390115279884242945
1390114499605172226
1390115515297935360
1390114907023187969
1390113764666642435
1390115515125862400
1390114069978533888
1390115299144486915
1390115513938976770
1390115513150345218
1390115509622935555
1390115408846409729
1390115506728968195
1390114877642051587
1390115506158542848
1390115505042857985
1390115504401096705
1390114318046408704
1390115501326487552
1390115496830373890
1390115493701357568
1390113144920592386
1390115312482328576
1390115428756770820
1390115482640994311
1390114969895804930
1390115481558913024
1390112699099586563
1390115480040574986
1390114326569226242
1390115472394305542
1390113773453725704
1390113855754358786
1390114567380946947
1390115470985027585
1390115470209163265
1390115465645670404
1390115464878202883
1390115460054663177
1390115080608653312
1390115451385024515
1390113886288875520
1390115446632951819
1390113546839764994
1390115445311746055
1390115437644484614
1390115416228368385
1390115414605279239
1390115412218626054
1390114678802731012
1390115411476291588
1390114959942692870
1390115400315191299
1390115376705462282
1390115197533048834
1390115376525201408
1390115376068022273
1390115371357806592
1390115370627907587
1390115364504313858
1390113614154113027
1390114248433586179
1390115364319727616
1390115364080652292
1390114712260694023
1390112837222105088
1390115355243155456
1390115350767882242
1390115337249693699
1390115333680386050
1390112814019366913
1390115333592305677
1390115332602335235
1390115330693996549
1390115145272152065
1390115325614690305
1390115317817516032
1390115317406445574
1390115310330687493
1390115306971045891
1390114356348739590
1390115293297528832
1390114904078798848
1390115290776805383
1390115290000855041
1390115280307716104
1390115278160371713
1390112981317562368
1390115277308940288
1390115276943933440
1390115274934734849
1390115274586796033
1390113220501938176
1390115270405107713
1390115269612384256
1390115253929791495
1390114089360314372
1390115252973486084
1390114923443802115
1390115251115417601
1390113041233088512
1390113406338928645
1390115245700624385
1390115245331525635
1390112961616822282
1390115239341985794
1390115238721343490
1390113972926439426
1390115235328139274
1390114611660271619
1390115007002812416
1390115233264508929
1390115229627977729
1390115229552480260
1390114356243877889
1390115224053760000
1390113935718821888
1390115154864529412
1390113556025200640
1390114613354762247
1390115223718277123
1390113486647275528
1390115216457883651
1390115214771859456
1390115127471509504
1390115208790691840
1390113803828871170
1390115208593645570
1390114311729778697
1390115207280791554
1390114846381805569
1390115204369817607
1390115202583212038
1390115200595075072
1390115192365883394
1390114832783921159
1390115188469342209
1390115188205031429
1390115180852482049
1390115170987487236
1390115167430746115
1390113912532701186
1390113391608573956
1390115164561756161
1390112949147164675
1390115163790090244
1390115162514939905
1390114403941588992
1390115158039662594
1390115151479779328
1390115147188883456
1390115146207531008
1390115143888027652
1390115125533753344
1390114259900698626
1390115115136176137
1390114334525767680
1390114725401333767
1390113889220694020
1390115114725122054
1390115111977771010
1390114829705359361
1390115103706599428
1390115098711187456
1390114301160173569
1390114252355162122
1390115097905963008
1390115094705627146
1390114827293663243
1390115075822870532
1390115065987223559
1390115065685217282
1390114618975178753
1390115063751655425
1390114064920154114
1390115059712528391
1390115053500833797
1390115050120175623
1390115048513851394
1390114847409549313
1390115036610322437
1390115033330421772
1390115029173870597
1390114898173169668
1390114705457487874
1390115016477716483
1390115012799311872
1390114990728810496
1390114990640832512
1390114977130893317
1390114973226082308
1390114962757103616
1390114955114975236
1390113055439269890
1390114954699808772
1390114954213269508
1390113636459466752
1390114952359333890
1390114947640737795
1390114943568171015
1390114938878836746
1390114934281969665
1390114929915666436
1390114860177018880
1390114796666855430
1390114916175073281
1390114913356554243
1390114911989141508
1390112928410521604
1390113305528881152
1390114090153123850
1390114911423025153
1390114694363590657
1390114906737975300
1390114894759055360
1390114892728897538
1390113543379431425
1390114891156135939
1390114887595139078
1390114619033858057
1390114554206724096
1390114876450803715
1390114874286616578
1390114872583757828
1390113736048971778
1390113039114981377
1390114330033770496
1390114871325470720
1390114866703343618
1390114864836739072
1390114853633802246
1390113947072749570
1390114853331902465
1390114853042499584
1390114393258610693
1390114127142653954
1390114466818404354
1390114286966562822
1390114852656582659
1390114849439551494
1390114848630054917
1390114846432120837
1390114834847514638
1390114818204569600
1390114815436283904
1390114813934817280
1390114810692575236
1390114808679239680
1390114806217203717
1390114805059657746
1390114800957632517
1390114799720308739
1390114796524220425
1390114251965177861
1390114327890432009
1390114791419695107
1390114790396289024
1390114787741388802
1390114771446509568
1390113046991974402
1390114765939281920
1390114764446183429
1390112985088155648
1390114761602437121
1390113061839777801
1390114751892664328
1390113379113529347
1390114749518688266
1390113911635054594
1390114236689526788
1390114746620432384
1390114321158615041
1390114725762064385
1390114720624136193
1390114720317952005
1390114710742253570
1390114198970044420
1390113747797221378
1390114710100529153
1390114705528827904
1390114702055849985
1390114697245077504
1390114131165040645
1390114693369397251
1390113793888473091
1390114343312928771
1390114549701939200
1390113659431555077
1390114644442890243
1390114597311590411
1390113761923584004
1390114229160665090
1390113843574104069
1390114191231553544
1390113733595344900
1390114689481314307
1390113887077425162
1390114674641866755
1390114673148796929
1390114203877486597
1390114665385054208
1390113423669841921
1390114661459271683
1390114649316765696
1390114301084459008
1390114643201466371
1390114362606632963
1390114442466275332
1390114641913724939
1390114641573986313
1390114640823296007
1390114639548194824
1390114637610377216
1390114505984823297
1390114636788289536
1390114633327972356
1390114633122463745
1390114589640208389
1390114621512691712
1390114619709169668
1390114592244871171
1390114589996683269
1390114581960396805
1390114577631911937
1390114567443857410
1390114566890270720
1390114565850116099
1390114563987812356
1390114035803295756
1390114549815185414
1390113147793641473
1390114545402798080
1390114539841130496
1390114086487216131
1390114539337928705
1390114530429112322
1390114524032868353
1390113246573649925
1390114125947228161
1390114522229260294
1390114521759588354
1390114511894585345
1390112860966096898
1390114494001598466
1390114258667573253
1390114491522760705
1390114484757356556
1390114481750134785
1390114473084604417
1390113599516024835
1390114472732340228
1390114468332548096
1390114461978071040
1390114457817395202
1390114455514763264
1390114445414776833
1390114445268078592
1390114445255446528
1390114437835763712
1390114431972093953
1390113887006208000
1390114430114017283
1390114427937206272
1390114418088939524
1390114416843177984
1390114407884201985
1390114365383262211
1390114402607767558
1390114397557706753
1390114392092643331
1390114382886150150
1390114382739279873
1390114381141352452
1390114378570162180
1390114377924239368
1390114376397504512
1390114374594056200
1390114362585649154
1390114352603312129
1390114352527814657
1390114024419995651
1390114347649835013
1390114346701893633
1390114227495608327
1390114345208762374
1390114343149350916
1390114340120973312
1390114235544387588
1390114126924496899
1390113833608519680
1390114335461085185
1390113120396451843
1390114331308789765
1390114331241627652
1390114276187201536
1390114316326682625
1390114315227832323
1390114309863321600
1390114306575028224
1390114300900089859
1390114298618425344
1390114276204072962
1390114273108574208
1390112882659139584
1390114272953372680
1390114177197428740
1390114263847604236
1390114262929100804
1390114257610682380
1390114254058147847
1390114240489574402
1390114231022931970
1390114222781210626
1390114221950636032
1390112707718877185
1390114221170610176
1390112981640433665
1390113266396016641
1390113755283955712
1390114152153325572
1390114214623203328
1390114214220636162
1390114213763420164
1390114213671096322
1390114212349894665
1390114211032928258
1390114001615470593
1390112896546492417
1390114210240245768
1390113418095497218
1390113896002883587
1390114201801211908
1390114201394454530
1390114197640519684
1390114189386166273
1390114189197381637
1390114184432599047
1390113368418226177
1390113491856592897
1390114183287541764
1390114179789557762
1390114171702943745
1390114169333104645
1390114159036182530
1390113731665924098
1390114137028562947
1390114131441856513
1390114118116560896
1390114098151571456
1390114096863977482
1390114095513231363
1390114093303017473
1390113927565127681
1390114089901436935
1390114088102019075
1390114084612415492
1390114077255602183
1390114055667556357
1390114054547591169
1390114047899668483
1390114044204527619
1390114033307635722
1390114024730152961
1390114022251507714
1390114021987299328
1390114014676623361
1390114008506814466
1390114001913270274
1390113997039489024
1390113994938146817
1390113991347875843
1390113989531668485
1390113976642678785
1390113966777634819
1390113964940570625
1390113949111173126
1390113941389520898
1390113937392349184
1390112716392652802
1390113751030976517
1390113932724121604
1390113929381228553
1390113924985540611
1390113924381564935
1390113912364929024
1390113911031087107
1390113909701496834
1390113896049086469
1390113893398327303
1390113888822247424
1390113000024154113
1390113883327799298
1390113879213150212
1390113872456167427
1390113868547035136
1390113867104145412
1390113759125979140
1390113855515279360
1390113846858223621
1390113830064332801
1390113828374028295
1390113821759610887
1390113816877441029
1390113810380361728
1390113534168678406
1390113805208887297
1390113581346304008
1390113805204705281
1390112744188399616
1390113804311203841
1390113226726199300
1390113779304837121
1390113776050053124
1390113772543545347
1390113765287473152
1390113757704114177
1390113753962852353
1390113753543360517
1390113750397693953
1390112916918185985
1390113743485472774
1390113733150744580
1390113732987076613
1390113726825570307
1390113726385295364
1390113725273804804
1390113717128421376
1390113707150151688
1390113706273542145
1390113705430601730
1390113697796874247
1390113686363250689
1390113677932699649
1390113668537491456
1390113657514872833
1390113610928513026
1390113648199311360
1390113645682638851
1390113645091303430
1390113140499750915
1390113636610449408
1390113635112980482
1390113632181268481
1390113631493365760
1390112829102075904
1390113630721617921
1390113606314962947
1390113396218073090
1390113604737937409
1390113360247730183
1390113602766520322
1390113595363627029
1390113592318562304
1390113110925656066
1390113591911649283
1390113589848051719
1390113587222491136
1390113586358493184
1390113584315785218
1390113583946686464
1390113581602066432
1390113521300656129
1390113574060711936
1390113561352065024
1390113558105571331
1390113545937899520
1390113541684871170
1390113523544596484
1390113522663702528
1390113518167461891
1390113515768266752
1390113511695605761
1390113504611405826
1390113494557618177
1390113478724173826
1390113473020014599
1390113459870834691
1390113403964993538
1390112929236856835
1390113459082338310
1390113447887638528
1390113441755680770
1390113436705583104
1390113430393311232
1390113417596395528
1390113414094196738
1390113409379840003
1390113405684666375
1390113393642807296
1390113388781527040
1390113385803567112
1390113147093196801
1390113384159485952
1390113383257624582
1390113378333495299
1390113368183382025
1390113363565420544
1390113356481183745
1390113353129943041
1390113346427441153
1390113340333207554
1390113336910569472
1390113336155467777
1390113335945965572
1390113327515308048
1390113315649642499
1390112711959265281
1390113310926950405
1390113308062138368
1390113306480889860
1390113092479201285
1390113290920026112
1390113288424394756
1390113284045553670
1390113278504935428
1390113274998534144
1390113274272829443
1390113274126127107
1390113269051011075
1390113258028388353
1390113254798729220
1390113252831637504
1390113237262389248
1390113233806233606
1390113220275408899
1390113216747933698
1390113214172651521
1390112762249031685
1390113200314716163
1390113196745371650
1390113193217961986
1390113192039391232
1390113183315148800
1390113182132359171
1390113178529509382
1390113175144747013
1390113166902931461
1390113151442726912
1390112682884403203
1390113150075277313
1390113141921570820
1390113132178288640
1390113129217077254
1390113124544548868
1390113113274519552
1390113112657960963
1390113101018697731
1390113099412393985
1390113099005431808
1390113097038368768
1390112988397461508
1390113090881085440
1390113073332097025
1390113068621778945
1390113066973605892
1390113055653126147
1390113040817967110
1390113039555481601
1390113035419856896
1390112787217612803
1390113034799091712
1390113031330402307
1390113020852981766
1390113017535336448
1390113010715447296
1390113010014998528
1390112985213976581
1390112976204668930
1390112968562683912
1390112965123354624
1390112953790312453
1390112952024453122
1390112948627062784
1390112947154866183
1390112944499871752
1390112944374140935
1390112941027078152
1390112936186851329
1390112932567072768
1390112858592194560
1390112932424404992
1390112930339897344
1390112929429737472
1390112929375297537
1390112925864632321
1390112920118382592
1390112897439870977
1390112895334330371
1390112894432518145
1390112886010306560
1390112884290633730
1390112881010688001
1390112880209678338
1390112878280257537
1390112874585018369
1390112873691627524
1390112868360675329
1390112868356526080
1390112868184559618
1390112863075848192
1390112858978017285
1390112846911098888
1390112839000596486
1390112835284393986
1390112827491459085
1390112826547744771
1390112814119927810
1390112804661866496
1390112803290292225
1390112797724381190
1390112789121863680
1390112783635714051
1390112758914498564
1390112754367881217
1390112752182697984
1390112750345523203
1390112748030369794
1390112745580793856
1390112745442349057
1390112745010388992
1390112744783990784
1390112739998187520
1390112739578818561
1390112737473269762
1390112732922486791
1390112712097779715
1390112711577571330
1390112710235406337
1390112703973371913
1390112696595623939
1390112683429613568
1390112678908207105
