1390111647864279045
1389017784449830916
1390039091727659010
1389000885468995590
1389926491320832005
1390005634528026624
1390005630312751105
1389396830048296962
1389979180368990211
1388999493056532481
1389704029391900674
1389323986564128768
1388997837187215360
1389751788388052995
1389919013245911048
1390053498344001541
1389396836280983562
1389396832015446016
1389396822913781760
1389396815032643584
1389003695359098884
1389019453929582593
1389719894401249355
1389031679180763136
1389277237933797379
1389048829366870019
1389694499249479681
1389748609562812416
1389028337155133443
1389270238663872515
1389614252667723782
1389930112678694912
1389396840441778183
1389585836518170631
1389269305628315651
1389396844057292803
1389268722469113859
1390040932297310208
1389604473660534787
1388978416481828864
1390039283294040064
1389396818916642817
1389930116864565248
1390110111746727941
1390105512272859136
1390103849244020744
1389541231986884609
1390098839475003396
1390066322663485442
1390065763742982144
1390068320314044417
1390069448443416587
1390094345194414082
1390081512276627460
1389035962047422464
1389067448708603907
1389045806976552961
1389040388476870658
1389029469302657026
1389055481830723585
1389049021273042948
1389050625640472578
1389060589050220544
1389042713287303170
1388973046103375874
1389025488870395907
1389024999906832390
1389022574076579840
1389017460456628226
1389019974451138560
1389030937447395339
1389061573432406019
1389058352798306305
1389260121705009153
1389452859134066688
1390061545799966721
1390062263155970053
1389283906738864132
1389684226644193280
1390060119304675328
1387587258430238720
1390060866586955783
1389727645533835264
1390057311767461888
1390059079955927042
1389373800874082305
1389386314139652097
1389402920978771968
1389365989783965697
1389384460701888517
1389395891212017667
1389354699556409344
1389373759388221441
1389375303278026752
1389638837463404544
1389050840795783168
1389922518924939269
1390049090650710018
1390043778191433730
1390041964431749128
1390022460645462023
1390027171830374402
1389001080646868997
1389253707951484930
1389299106921734148
1388977212154683402
1388973923459600385
1389215338965962755
1390032906425446400
1390025141686575104
1390024689142190082
1388993601175232520
1388963173060030464
1389226677016932357
1389712023722897408
1388974530891329541
1388961174478331907
1389709799927992320
1389617805113364484
1390023811723112455
1389264243908825094
1388964456563200005
1387763165337952265
1389585523702964228
1389989580296818689
1389723262914113538
1390022449669021698
1389199409049653250
1389170422399262725
1390004938026098690
1387596754862759936
1390007483993706499
1387593400640176134
1390004033826533378
1389999421056765953
1389998783052791813
1389933417022767110
1389992697675632644
1389992666696400897
1389989413334274051
1389584184516153345
1389989133213384708
1389983121672704000
1389981470454845440
1389971366489862154
1389968254748221440
1389626617975222274
1389752035126435843
1389967896567336964
1389967395264008192
1389958322107949056
1389810347926827008
1388881434534887431
1389783650389176323
1389951266651049990
1389878973874774017
1389949914457706499
1389896520309301254
1389948786621964293
1389946065948917760
1389939908970786816
1389937316869902342
1389164393552822275
1389936752664715270
1389936545474531329
1389935129834016774
1389934370178359298
1389031505775656961
1389070206337568769
1389064284928286722
1389075752772112388
1389128515182727168
1389060186803884032
1389354028438409218
1389056877548511234
1389057229098127363
1389059642056052739
1389073380574318595
1389055004506345472
1389063303352123395
1389928873207468032
1389925104633720834
1389235234311450626
1389913838825377793
1389911491281891328
1389908585967149059
1389551381879603205
1389907181819076608
1389895912030445571
1389819208893091842
1389817748872744961
1389817261481934848
1389804050892349442
1389802523289137155
1389798689414262796
1389796404730732546
1389792823462006786
1389785787257040900
1389782811259854851
1389778579244912642
1389775714073853960
1389772716174155777
1389770761972355083
1389770610457419782
1389672754119593984
1389673022722908165
1389769731851309057
1389678528480694274
1389608821803261955
1389545944715341825
1389766092889993216
1389765544333783041
1389763634323234816
1389229676124680193
1389762900504502274
1389761314805985281
1389732780850958338
1389758371117637634
1389407078792327174
1389758078468435969
1389072363229167623
1389756166939492353
1389074427522990083
1389052645009154050
1389068406025039872
1389061401910579203
1389755752823275523
1389755569280536577
1388040253630521346
1389753233267101702
1389744515318177794
1389753108369223682
1388387625413791745
1389751094763524106
1389375906490159113
1389407594129756163
1389701346882768897
1389749499409489920
1389748291982684160
1389377494529110022
1389374604427157504
1389369446947381249
1389364816087642116
1389700334897963009
1387814204510441473
1389747028926869505
1389230168749789192
1389224067669151745
1389260041396568069
1387598940443398149
1389313248135196672
1389746694158315521
1389230604747694081
1389746601909006337
1389746499333074945
1389740891892506625
1389738595276177409
1389737122974691331
1389737570632749056
1389737311089438721
1389736033256869888
1389735848032231425
1389355457676972035
1389734595793461248
1389733844325109762
1389728983390953473
1389728551591575553
1389725503981039617
1389726428170686465
1389727064996073479
1389726822603034631
1389724506919297026
1389225187686584322
1389710637337546759
1389379160070529025
1389625176199819264
1389157315534757894
1389409161532764163
1389014690571767808
1389647552861990913
1388992677564190723
1389061567212257284
1389074537094938625
1388966877641117696
1389004530080108545
1388998831014957056
1389402913647124482
1389024994110234626
1387603245560832005
1388989681455353857
1389678507777683456
1388967240402309120
1389320592319340545
1389232166710640644
1389365984088125441
1389022567554371584
1389667027732684802
1389162403628150784
1389413562582327296
1387594928331530240
1388994959991214083
1388974642627366914
1389373752853422080
1389049015451324416
1389030931608920064
1389386308347256836
1389025483057090562
1389019968503640066
1387589784017666055
1388984305829908482
1389400776510894081
1389016907219566592
1389029463279620097
1389614058031108102
1389665215491366915
1387591172248399882
1389002479048609795
1389616445097578497
1388978878362779650
1389372584857280516
1389387922877542401
1389715227407568896
1389000162886885386
1389270289201000450
1389022378445840387
1389011546362155010
1389223770376728580
1389400106751827970
1389014208755363841
1389574923530559494
1389404583168921601
1389398907537412097
1389368045911437313
1389584866577043462
1388990854484807681
1389395885407182851
1389393718818467840
1389711120697479168
1389011595112587264
1387622544505597956
1389004942245912581
1389028653959237637
1389371045879062531
1389003241971613698
1388975604062584833
1389224917908873221
1388998578803077121
1388973074817589248
1389403171185782790
1389006269919358978
1389017438818242563
1388962778346491904
1389404763012308994
1389381083116965889
1389584958847479816
1389293121331101699
1389026632908738562
1389019304096460801
1389018971261730816
1389591896532525060
1388993984039587842
1389401242917478400
1389679512879730690
1389658199712690176
1389709221978071040
1389295596851253249
1387597662631841792
1389570522426404868
1388996480011173888
1388977930928152576
1389229574450401282
1389583943100293122
1389023189875847171
1389001601109561347
1389654188540370946
1389007210525564928
1389055474918588421
1389164929920290819
1389683825798643720
1389384454859227138
1389713512046366720
1388982228483383299
1387598846709026819
1389018013173796865
1389587416919404544
1388973032849383426
1389299064869572612
1389030111307993093
1387606101252739078
1389582248911900679
1389410719368503301
1389386224360595458
1389017454597214209
1389672093965422592
1388973970301480964
1389608802173939725
1389050619768369152
1389042707234840578
1388995212710608896
1389032938004643840
1389623963290980357
1389077234942545920
1388985152831774722
1389377802483290115
1389275042664488960
1389388663436419076
1389722834381926401
1388969978561368067
1389676352408752130
1389025816571367424
1389664877287940096
1389411577615454208
1388962250539421700
1389000304226553858
1388997591405264896
1389027412059451401
1389040382646779905
1389678890361053184
1389013550174072833
1389016227276738560
1389001870572548101
1389385817072685061
1389391226198282240
1388968417319813122
1389058346607542274
1388974509542182914
1389035956129329155
1389354693088841729
1389415244317876226
1389045800836079616
1389012787733491715
1389373795027144709
1389375439869648899
1388964951809695747
1389067442966515721
1389159590311325698
1389668586650628098
1389356715569664000
1389681010573385728
1389010334132760576
1389583990990860289
1387616355873026052
1389397620708151297
1388960262938456065
1389030282888564737
1389650627941134336
1389578918269575174
1389661887025930240
1389709570931445767
1389681145667723267
1388995797325279232
1389060583350161412
1389669599088570368
1387663236086984705
1388993371041980418
1388981983280209921
1389021914144772101
1389724088688594949
1389635364093112320
1389388258589790208
1389722989785018370
1389715764303863813
1389712755486302209
1389416636331999232
1389712546127622145
1389711852393967618
1387912561048305667
1387778132426506242
1387887082111184897
1389711186397122563
1389707678897917952
1388219801345183750
1388223390012559361
1389561326960267269
1387914533138747392
1388160091870871554
1389706956194058249
1389584966107942915
1389652399699156994
1389649741366050826
1389703554080952326
1389702524752515079
1389701404969738244
1389187942233505793
1389698813137506311
1389698656836669440
1389662884142141440
1389698569657995268
1389698469330358274
1389697307222937606
1389692727223271427
1389692335173382156
1387923876823326725
1389685126167240708
1389585733032230912
1389680257435897859
1389679691125121024
1389226675276238854
1389225295262146567
1389224745346928645
1389590472105119744
1389259588986413060
1389678989212536838
1389223993916469250
1389226028912893952
1388993294718341122
1389585282798870531
1389229241812897792
1389224415263612928
1389577351055478785
1389577244117512194
1389667658099052547
1389676697981788164
1389674049991856132
1389672910298755074
1389023793671254018
1389671248129581060
1389670815701078018
1389669023852470274
1389667862495776769
1389667169705861123
1389661108252954626
1389662302383788034
1389665435872866309
1389658375626055681
1389666833322627088
1389050115525054464
1389058814532628482
1389666269415280643
1389055910711078913
1389599042582241282
1389655624833773575
1389653909220757509
1389586970083569672
1389066244851126273
1389666264868610060
1389665585781411843
1389665071387844608
1389664295022120961
1389664089555808271
1389338577323008001
1389459436381478912
1389661433848385541
1389659889417523204
1389659535208599557
1389658923142103044
1389657118161125384
1389656746160005120
1389654522218287105
1389654490136129540
1389007381003124740
1389374400118599680
1389651107463503875
1389586564104212480
1389405185815023621
1389293700614873090
1388991129350254600
1389615468894461961
1389426474994831360
1389620924337594368
1387598492915453956
1389410404489695235
1389405492041162757
1389600802289946629
1389650385992830982
1389262543957417985
1389650340681760768
1389271484674179072
1389650140101763075
1389649794495303681
1389649005802663936
1389648055419523073
1389246354292097036
1389647228311113728
1388500404825202690
1389646903990792201
1389646658414198784
1389570424296644630
1387855493239132162
1389331979515174915
1389642764988583940
1389330466940100609
1389642291757867018
1389641589040033797
1389641310286536712
1389639755885854731
1389639724122480642
1389639522175102982
1389638738851020804
1389230497583321088
1389638245311467523
1389608834516230153
1387663250284683265
1389633901996515328
1388445564363317250
1389321640459313152
1389398983198527489
1389230704626700290
1387852249523703810
1389242032934330372
1389227431668686854
1389196806282747906
1389629567770501126
1389629280288743426
1389628964742836229
1389625183242047490
1389608815390203907
1389623969804816384
1389628254856810496
1389624827116392451
1389624136641691653
1389621155774885889
1389620126576791557
1389619545728552964
1389618450838982668
1389617959300173829
1389617336185991170
1389616193288409097
1389332317928312835
1389616071817170944
1389287496543088642
1389615099074261001
1389413919312302086
1389614710874640384
1389367040419446784
1389611536415698949
1389609635691257858
1389605969534009351
1389600782698307585
1389021511063851008
1389020020949327876
1389009960873480197
1389326005362384901
1389600457677578245
1389599259276742663
1389597078632820738
1389590633338351624
1389588793083285505
1389588155469336578
1389586879843119104
1389077875828088832
1389585825344720900
1389584961984995335
1389581711621697541
1389580834349461510
1389580679898443777
1389002902031716354
1389578451783462915
1389572426485440513
1388436811635204096
1389565134197170181
1389564697347862529
1389422903066775558
1389563417699160064
1389561761926373377
1389561158718341126
1389551989558816772
1389230797954199553
1389533486650908672
1389528386268278786
1389229473061609472
1389080677933588482
1389230432475041794
1389064172676292611
1389475170088275971
1389478354752004098
1389475574796668930
1389374769724788737
1389474040415498240
1389404487878684673
1389385084717912070
1389374913610399744
1389371843644207105
1389377277088129024
1389466434699415554
1389464935063859203
1389464831737139206
1389460993609277442
1389457455915098116
1389450622500540417
1389445929401454592
1389443951380336642
1389439839242702848
1389438687084228609
1389438314940350466
1389436031141924866
1389433870685249536
1389433559669223424
1389431625390383113
1389430902799880195
1389426097167683584
1389400995445227520
1389422992866877444
1389421860551528448
1389420852874293251
1389420766245031938
1389420318255689736
1389419866105450496
1389418647366602754
1389418785434710016
1389419445827813377
1389046335265988613
1389417859680546823
1389051890210648071
1388997614788620290
1389018249044582402
1389050616958394369
1389047793696874504
1389056996037603333
1389044460097576960
1389006017476837379
1389055032809730052
1389416695199109120
1389397867702505476
1389059895224373250
1388291024590712834
1389308919491792899
1389402809418895364
1389004289570443264
1389002671659655187
1389410191976841216
1389416373328154626
1389415749333274624
1389415588553019392
1389415074096369665
1389413606018715651
1389411993556226051
1389411858432540679
1389410243294240778
1389409519961350145
1389408775979798528
1389408702051012609
1389408624078991361
1389405790650372096
1389405256988119043
1389405065442693129
1389403509636874240
1389403469933694985
1389401782003044360
1389401112944463872
1389369282354679809
1389400598802571270
1389400249651892227
1389398239959453696
1389398102520512516
1389398028772126720
1389397174274961408
1389396620127649795
1389396200932184070
1389386055351218178
1388494321343680512
1389355309525831688
1389395708495728645
1389395540140609536
1389395235495718914
1389394970944155651
1389392295695425536
1389391757545181184
1389390998686547970
1389390299693207554
1389365386278223873
1389389662901444609
1389389234612621313
1389388306970984451
1389388210783100928
1389385125616660481
1389385095136563200
1389383973181300739
1389382492256358404
1389374639697190912
1389381864297832454
1389381613952307201
1389300942856671238
1389381488316088320
1389381191112003587
1389380945254440965
1389380944239411202
1389380349310951428
1389296545120636930
1389379808333762560
1389379744743964672
1389321433860517890
1389379057972879362
1389377997002711041
1389377586816593922
1389376957431775232
1389376414554656772
1389376279892226048
1389376062287753222
1389375959690792964
1389375905919873026
1389375689137303561
1389375460652560388
1389374584709918733
1387588172704534531
1389374434226622464
1389374433798889475
1389373812651794436
1389373614198194179
1389373372967133192
1389372977708470278
1389372662137462795
1388581501114228738
1389372450971033603
1389372287338622976
1389372197333045254
1389371914695630848
1389371138233540608
1389370962706157569
1389371090514944003
1389370753171300355
1389369547455705088
1389369987027058693
1389369470527983617
1387627853072801794
1389369132068577287
1389368923997474823
1389368101167325186
1389367939019808769
1389367831511371779
1389366973402857475
1387907613938028547
1389366812211548165
1389366410191773703
1389366408115523584
1389366274325626880
1388228973252030464
1389365900705415175
1389365660111851522
1389364537317601282
1387764828270379019
1389363205139488768
1389362380472266762
1388105310104129538
1389362240428589060
1389361191227637761
1389359000001601536
1389358237951086593
1389355830781358080
1389339161119789056
1389336645695049729
1389355519341744133
1389355240357515274
1389355156651880451
1389354327467171843
1389351627358982145
1389327907349274624
1389350469466722306
1389349415660531714
1389347528399851523
1389345696797675523
1389345203123900419
1389343375392923649
1389342241748144131
1389341657452191748
1389341179716714503
1389340417263505408
1389279745884426243
1389339814579871751
1389338112938102789
1389231785008144390
1389230485742800898
1389232456046350342
1389336269432492040
1389335238879424515
1389297765516292097
1389333951450427398
1389332298672353285
1389331890478456833
1389330011291856904
1389329840772374533
1389329125131882506
1389328636893966337
1389328459873329153
1389326687633092609
1389325778714759173
1389325684108152834
1389324529126739976
1389215769163087872
1389324015370752004
1389323866867130370
1389322938646736900
1389321644158722048
1389320959832772610
1389320676327178242
1388894865556180993
1389320008585592835
1389317326042972163
1389316275093057547
1389315523788279816
1389315043922223106
1389313983526707205
1389313841415270404
1389313138256973827
1389312946367512577
1389312344489086976
1389309099137974282
1389306146696073224
1387894225199579145
1389304783887024133
1389303289263579145
1389302164586127361
1389298681069899783
1389297819589173254
1389293381684273160
1389291946976362496
1389291451805274115
1389288336058114064
1389288011779776517
1389286068718084109
1389286055870930948
1389285506777763842
1389285504131248130
1389284438341738496
1389227561952108550
1389283765390880776
1389231343012306950
1389280608053075972
1389280366964445184
1389244022833786882
1389278856406835206
1389278193023131650
1389270295073099778
1389229580842532866
1389275049232764931
1389223776995274758
1389232173018877953
1389225194066120705
1389224924678549516
1389272075962142722
1389052065431838720
1389270938286366722
1389269324620255234
1389269142776303619
1389268737413554182
1389242958269108238
1389267758886621188
1389267263652511754
1389266838979219456
1389266513442582531
1389265914835648517
1389264460888555521
1389264243929853956
1389263976148709378
1389263445032415235
1389263247182807040
1389262461904297987
1389230815050178568
1389262349303943170
1389261939633795075
1389261625484615682
1389261076840206337
1389260126176137226
1389259677972713474
1389245798727172096
1389224610865061891
1389229814326992898
1389259351391711233
1389251601785892867
1389093610516267010
1389258789128396806
1389258388354240512
1389258318603030530
1389256521947754499
1389256261011660809
1389254444077010947
1389252684780347398
1389253078340317186
1389252108692725764
1389249769634140162
1389249620241485827
1389249471003959299
1389247226308829189
1389247161381097477
1388529407803932676
1389236564639854595
1388529287263838212
1389246966220132353
1389246431836393472
1389245698982436865
1389245662454292484
1389245512751190030
1389245427896172545
1389245117500952584
1389244588515373058
1389244185191100424
1389243894760620033
1389240855689576453
1389243879694733313
1389242760750936070
1389242063053541382
1388677173440090112
1389241654801051652
1389241477830676482
1389226274992889859
1389240955686031367
1389226998766219267
1389240008666648578
1389239799697993729
1389239714016808963
1389238632121311238
1389238422229897220
1389238400146939912
1389235829923618819
1389238293485789184
1389237625475813381
1389237472547180552
1388942735781109760
1388592803857539074
1388648219056427011
1388872206743179274
1389232328602308608
1389236274075213825
1389236139299643397
1389236037931634690
1389235974459297792
1389235470207356930
1389235308764573699
1389235066715480065
1388896033342697474
1389234953641242627
1389229240210571264
1389234257676099586
1389234216366481417
1389233974845841413
1389233919585816581
1389233767408099328
1389233630212407298
1389232646606266376
1389232615442591747
1389232571863773188
1389232218875338754
1389232131726090241
1389232090613436420
1389231987119038472
1389231920995786759
1389231735062372355
1389231567868817411
1389231528832552967
1389231520167120902
1389231499258499077
1389231138015780870
1389230979638779906
1389230884897783808
1389230791436161029
1389230786210115585
1389230468596436992
1389230259992764422
1389230184000376833
1389230106628001795
1389230068967354369
1389230021718519814
1389229714519244803
1389229458700242953
1389229316437913601
1389229262297763847
1389229236767035393
1389229228739158021
1389227821466329092
1389229137617989646
1389228850245160966
1389228849607680002
1387756488240812035
1389228463136067589
1389228232478793736
1389228071312576515
1389227812066824194
1389226719823998989
1387912553834164229
1389226687993352192
1389226664731807749
1389226530144989189
1389224498000547843
1389226425618735106
1389226358975475716
1389225356650024965
1389225039434764289
1389047672443654144
1388974167484215296
1389224806839721986
1389224380870365196
1389016881911173122
1389050949784715266
1389005357985509376
1389014009156972547
1389223816010768386
1389214433814192129
1389213446907039747
1389211849816788999
1389209892687392772
1389203482729713665
1389203085139103746
1389201420554055681
1389180672267493377
1389201297765773312
1387603007941062658
1389200634168098818
1389192686851305478
1389190780380762120
1389190481473687554
1389188531537448961
1389185393430499329
1389159596082663424
1389162410037039104
1389157321943633922
1389164935922417672
1389144655313481728
1389088419847065604
1389076027452792838
1389085776877703173
1388945287276908545
1389082841410150403
1388964911947128835
1389077510340612097
1389069781282836480
1389069315413057539
1389011667724513284
1388645689291382784
1388899831721168905
1388600581326049291
1388858317481594885
1388604327368007680
1388888618551418882
1388550251238334465
1389065890814218241
1388596800475566086
1388565262920687618
1388651946379292672
1388869782938787848
1388601653952192513
1388644518946279424
1389030713362681860
1389038918004248576
1389051414303870979
1389064572716392448
1389038218423767043
1389026458014650369
1389043207196057603
1389035184130039809
1389024339148910592
1389022660080844800
1389054825552306179
1389056738289201155
1389055066649280517
1388997200018038785
1389052648335331331
1389051762947022852
1389046618675048451
1389043530702757896
1389037272633335810
1389034907805040642
1389034661758783491
1389033025841807360
1389023513483354121
1389031771443023875
1388998061813288961
1387838409151062016
1389028652273262599
1389027581953990657
1389027391767556096
1389027246334226437
1389026113083650048
1389024790518902784
1389020530364358661
1389019044574113793
1389017792960155648
1389016702474653702
1389016662872137728
1389015952088571908
1389015058643144709
1389010695660965888
1389006671683461120
1389004994028920835
1388999430028865542
1388999366304833537
1388999326425305095
1388986453477281812
1388977148510318595
1388977537414574082
1388977241107877908
1388970924393836554
1388969429187403780
1388938763217297409
1388938754245672961
1388832062040326147
1388889946866454531
1388886069043732480
1388875408372912129
1388863676967526402
1388853391493840897
1388847909970579460
1388841348074180610
1388837329100582914
1388836518647709697
1388835448894722049
1388804781024628736
1388720842494955523
1388720748446076930
1388719632475992066
1388716238055088133
1388702354329980929
1388676120485183490
1388665928053895168
1388635862074904581
1388614093796519936
1388631015082577922
1388634251860402177
1388631921127743494
1388617705473945608
1388577978016313346
1388605106241822723
1388604320111898624
1388586433980534784
1388578444125016066
1388559490648264710
1388550355508776961
1388549327765839872
1388547445966135300
1388534271024017411
1388523602279112704
1388521471853608962
1388492338033532930
1387877713793400834
1388258353286090753
1388485196622749700
1388273480827916293
1387825448357404683
1388470735522385924
1388454760651571202
1388389940745187330
1388360600179314689
1388309386918080514
1388320260089126918
1388358069416075264
1388355706479419394
1388349950019391489
1388348737961988096
1388345346062012420
1388317318430830595
1388316887893819400
1388289999045644294
1388275197418131457
1388256284017840131
1388221218315292672
1388218041087967232
1388216151663169536
1388213502985244674
1388204368860692485
1388203839136927744
1388203025622343684
1388202967489253376
1388196038649995265
1388190026870181889
1388187640294481920
1388167733217476608
1388160826838769666
1388142541682450445
1388136077077196804
1388134551533326351
1388133107887493126
1388121433264607238
1388108389327286276
1388092673245032452
1388073425130901504
1388066230049939459
1388062888196251652
1388028239780720641
1387999686041247747
1387993047221383168
1387976351659986946
1387974725956218880
1387975296222175236
1387960822207504387
1387960530191667212
1387958846904279045
1387941673720852487
1387923233429725186
1387897905143558148
1387880752310804481
1387842244900757512
1387827024501350402
1387819478990430216
1387815579193589770
1387814719323443203
1387808302525030402
1387805335302311936
1387791906747334659
1387782712845611018
1387771718421422081
1387769423361159176
1387758650454859780
1387755206117666826
1387749759792910337
1387700340020105217
1387696673825112077
1387671060322168836
1387670991019593728
1387668441541357568
1387664542017200128
1387660513224675331
1387659340652425217
1387649019019677697
1387645491408773121
1387644944513486849
1387633095499780115
1387629675384655873
1387625712232935430
1387621746430431235
1387621718345269249
1387615400616206336
1387614174281355265
1387612478998188033
1387601740166582272
1387607218783199247
1387611813509017603
1387606612899160066
1387605560946745344
1387605201906028550
1387604931037777922
1387602040281567233
1387600956246970375
1387597685121863680
1387596406765015042
1387595055943323650
1387594590241312778
1387594075482820609
1387593477127561216
1387592781166690304
1387592632340209665
1387592464186421256
1387592368258494468
1387592011793018887
1387591996047609856
1387591928196354049
1387591851792871426
1387591397595926528
1387591293212282888
1387591058318561284
1387588820204466184
1387588661164875781
1387588598724276226
1387588246012633088
1387586345980227587
1387587502836523014
1387587494158426113
1387587346871296006
1387587118009102345
1387586328783695874
1387585974931181570
1387556725008617476
1387585666691878912
1387585321009926147
1387585084220493828
1387579912236662784
1387585071402524675
1387570936472215555
1387577136408457216
1387480885109219328
1387574958633541634
1387574965277319168
1387584631805988868
1387578663038853120
1387584585937129480
1387584521760030720
1387584406618099719
1387584243136667653
1387584207380226055
1387584017130741761
1387583929264320519
1387583748942794754
1387583644391325697
1387572487827902472
1387583195919552514
1387579004639711233
1387583094119669761
1387582710114365446
1387582677612650499
1387582147104489475
1387582039990411268
1387581802294951938
1387581195974856704
1387581137531330561
1387580856408199174
1387580772694077442
1387580596529025028
1387577755274031106
1387580498852077570
1387580340785516549
1387580004855291906
1387579974559862789
1387577971448426499
1387579803918905352
1387579788202741765
1387579732955369472
1387579613677854720
1387579534384435206
1387579436028108801
1387579401961975814
1387579205832126467
1387579083865923587
1387578934410219535
1387578915300970497
1387578734719426563
1387578721218011144
1387578657087098881
1387578623884935173
1387578550786658310
1387578520927342596
1387578419282595840
1387578365469671431
1387578251380469763
1387578214365679618
1387578193838845953
1387578186943315969
1387578173714485250
1387578106207158283
1387577890368368641
1387577810622029832
1387577605063335940
1387577575321526272
1387577537447055368
1387577526722170883
1387577431222018048
1387577387668418561
1387577319133433859
1387577288615768064
1387577143182479362
1387572920990552065
1387577030565318664
1387576970893045760
1387576904329441284
1387576834569785345
1387576773915856899
1387576732899856385
1387576720568561669
1387576647067525120
1387576420302528512
1387576334495399936
1387576219810553856
1387576200139362309
1387575723523727364
1387575414646661120
1387575399941541888
1387575273458126850
1387575227169873925
1387574755142905860
1387574607901773825
1387573170236973058
1387568194244726786
1387572988044795905
1387572282361532421
1387571606881554433
1387571446763905026
1387571158334246914
1387570949361336324
1387568879338147841
1387568284409683969
1387563552198864897
1387557155289632769
1387556803836264453
1387416520351965185
1387553573890895875
1387544096600780802
1387525411886731265
1387510198013775876
1387509954765103108
1387417727229468680
1387507823639203840
1387470944596287489
1387453328246943747
1387452172116402177
1387448969912016905
1387448398983401478
1387430142532800513
1387424964987457539
1387421714959814664
1387397439116779531
1387384026386911235
1387372675174072320
1387274280774168577
